340345154877673473
340291748402192384
341962640240828417
326665428493557760
340112238746685441
340287660444749825
340307896074133504
340329390070173696
347883700345782272
348895818603958272
345607014812110848
352936340440092673
352936422690394113
352936510225522688
352936664089387008
352936746062856192
333790777761218560
341773755195990016
330757789905457154
340529630492639232
341657848503226369
336982086747561986
351724300887273472
341809071080497152
343602709519273985
351490204550447105
347423789698654209
340328381679812608
340275567662333953
351455090193858560
348910622882271233
340903633312960512
350041405743316992
346476151549612032
351683349422673920
341358849598562304
351082980330045440
342380499802681344
329515653251883008
333444462229479424
340448348303663104
339846013877624832
342222086913261568
342217867749621762
332149585260716033
331092970457681921
328529078753845248
351619134334832641
329316938452971520
330016889487110145
342594933162647553
341327231508967424
348414004630274048
331338155691229184
349252454535274498
327148912026734592
346677268946501632
345334049679753216
345784351839121408
346575368041410561
340773072036560897
340313583827156992
346418587210244097
347305520585121793
339668449242542080
350332912530505728
328896519174504449
332988218192588800
328962220069371905
349659449692139520
332308454372950016
348599627009896448
349715812195643393
352846236526706689
352848888790654976
332070396104953857
346043889146294274
349418881426788352
329669841520836608
348555717113942016
331731913159081985
332983321187471361
349084992611164160
341254984349908994
342106074838597633
334005655155380224
341808582465032192
347124997317345280
350478954391535616
342200100585615364
340359703513157632
340345183008870400
330406681496395777
331500382746472448
341964046477688832
354265959877443586
342232503395962880
345655759767482369
328464211007111171
333194880765546496
350891051063574529
333199163514843137
342794515108741121
349561304526241794
333893811094835200
327741473003028480
352807680508837889
332450567819497472
326746923396632576
342113162528690178
344103487942057987
349182910127038464
348412032049106944
341636700323344384
351523364428451840
342043859523600384
340217407362715649
350042686507581440
342452668922462208
349385477150879746
327147666570108928
349141333614661632
352144946549108737
345624026254823424
351514109889617920
348622833217318912
345036111376183296
351400933302878208
340454413229490176
341025218204147712
345922687161491456
333744558200475648
328202474655723522
350606045862830080
351125191423832067
348552848730116096
345549207278592001
340512383955001345
343745558382522369
350030395225542656
349892793587613697
327323676317974528
333675186622701570
340446614231588864
341140203810992128
327789313175719936
344911702590099456
340260393526104064
343656563547967488
340253546513584128
340300895780757504
341813665302990848
340273617654923265
328287774262321153
348698825512321024
349607304951373826
350167875132194816
347410750572228608
332142355593437184
342024276129492992
329560003147087873
332225282062823424
358353085535494144
342057223196930048
341262613616943104
344551845043245056
334024708200751104
349190810044096512
344469944613875712
345455189119102976
351612615128133633
343614935055613952
347260952837754880
351400394146070529
342725404320210944
326784616725880832
326972731151228928
340294493112782848
343388798903795712
327790926812561409
330755655256379393
331437863528972288
352903991157456896
354092257533632512
354458322214191104
358354458083729408
344868452034560000
349612359658110976
347999490206216192
353540795590123525
344936446702022658
344994590815817728
341704795096219648
341767317392326659
351395533933395968
351492291271213056
343647552094224384
328219079762653184
347542434500206592
333185474300620800
333007591879884802
343545703097839616
340259370577317890
341353517811900416
339786137767919618
339788673040121857
349723227444101121
340212184988659712
348457714147553280
348458049075294211
342614476702494722
331383865438519297
330742256787156993
331479118598246403
340331870745149440
353061725102280705
333197031659167746
332738112079937536
340420826677522432
345725882620579841
349208893144043523
349428920552136704
351474792215494656
352327453202595840
332972801034182656
351679516072087552
342481261618667521
349533528146460672
341690963808370690
340300906463649793
345318152424546304
351476009989705728
351523524277579776
340625010488143872
340367344461287424
344099735004643330
345964683720814592
341835868912353280
326817604373200896
342662725165543426
351410557112434688
328217835249741825
352181796122800132
347485185048182784
352543113685901315
347388396655755264
341317871877648385
349252013076393985
349168277181853696
349564105188851712
353523202628124672