347806215776116737
350336129817509888
332540699692130304
332542581760204800
346700255829561344
348120419921952770
352217412046823425
332367377612279809
332368320881889280
332457841749286913
341552558369800192
341555493409542144
341689297503662080
341767297649766400
354228220431843328
341602254975008768
348458989924782081
348897919748943872
332556333704413184
341311579536650240
346613977549258752
353079130692124672
340627449496887296
349250599373639681
342138828087234560
342685104725966848
344346660530434048
346087419424169984
346096906985938945
350691733987799040
351399799750279168
345607804171743233
349086151249903617
330466694189428737
345333265089048577
351285012047470592
344848831646670848
344781127493500928
351412839447146496
327835368164573186
330154444459241472
332497216080052224
340983454554546176
342382016030973953
346275392090423296
347746008903581696
351423946706526209
343602068067581952
347713864009408513
340535092873162752
326575463835250689
329128359063859201
331370652881797120
331411632213344256
332814714952376322
341026211218194432
342324117812420609
347461921676607489
349974468547981317
351415959514390530
354343052212568066
343153861915201538
345083262672175104
345414697148887041
345880550915059712
347449601881686016
349303644262367234
332457979939016705
333037072992575490
333203009209266176
343283459533443072
343376431864229889
346762709657870337
348336073967022080
348701811743535104
349006492898295808
350867989538684929
326928335110291456
327604889540755456
328660565033639937
331642247084916736
333208965607456771
339971334794772480
341622840933629953
346580466041778176
348206994722783232
326995800024571906
327367830527963137
328794465395437568
329499342601854976
329975207488004096
330053985115451394
330685673055088640
332929438713004034
342267219792781312
349663852927000578
349627789009367040
343031253072764928
343525207937544192
344152692547018752
344865165608636416
344865863490473984
345176614683959298
326376825590779905
326406322323066883
326455480891346947
326456822007492608
326596903791902720
326789014290055168
327121072099045376
327136020594307072
327202063299788801
327793679634931712
328059687327109120
328244482455764994
328248124399296512
328525527184977925
328645545411354625
328996507065917440
329201654484328450
329617517578444802
329831780670656513
329832584282513408
329867012782309376
329890622674718720
329973587559731200
330026374758797312
330056211133247489
330249629247610880
330341426120503298
330357689613946883
330545428493893632
330768789878743040
330777882395807744
330877304140083200
330910232819679235
331187619096588288
331478814888689664
331745125501915138
331818975681982464
331961284935434242
332175390044999680
332176466940923904
332227554956161024
332280215931858945
332298447866707969
332302887940145152
332304295791824897
332356011946016768
332391387901358081
332448217490944000
332511485043548162
332666031778721792
332754231138320384
332906821624934400
332977955754110976
332978332679409665
333029850547900416
333050589867028480
333180265264472065
333286778628870145
333294325951774720
333297273750564864
333304563857780736
333358524274987008
333359537992118274
333450968328974336
333452116511309824
333457801953284097
333466989102239744
333519110946291712
333674203331051520
333722857290989568
333735685406224385
333782488428212226
333801812610138114
333824061656412160
333866431626235906
333948685811589120
333961182874566659
333962515232985088
333967101628923904
339780292304830464
339789866739048448
339888459072303104
339898418682019840
340177324798525440
340233810903982080
340305120258564097
340314658189766656
340322414133129216
340331832467922944
340332151184691200
340334658183110656
340336517597782016
340339429329760256
340347328479260672
340375549123899393
340378547141099520
340416031971500032
340486266237894657
340513045916835840
340520325110456323
340530953015402497
340567278422728704
340660708364677120
340723164759859200
340732143997165568
340937210973016064
340951233055580160
340959965877522432
340978989285908480
341008335463669760
341027310780153856
341042669327364096
341116202338361344
341118058305318912
341151063681925120
341212339883868160
341306691310215168
341358561064005633
341430949596233728
341549235650584577
341632186849566720
341642275274752000
341655044569047041
341659929721057281
341664551076499457
341691080019943424
341698955974955010
341700947707314178
341732677487063042
341734697115742208
341752469287755776
341797745549516800
341818667773853696
341822266851594240
341830080873504769
341861781385383936
341903484242784256
342066898667700224
342087942472359936
342109935531868161
342112103412416514
342124485253664768
342150382698504192
342163994209054720
342166652617629696
342183812765208576
342222942853287936
342229999450992640
342240470535139328
342283136480206848
342284279851675648
342299048105091072
342314998904786945
342355917045645313
342359425400582144
342360821566939138
342376807527497730
342383575078944768
342393613180862465
342476405872939008
342479732811644929
342480912350576641
342537091495895040
342607933672148992
342671774519009280
342705807537868802
342729569243119617
342763086056419329
342767620749139969
342776360185503744
342843798554046464
342918945839411200
343076301835472898
343109117877026818
343130110569873409
343146080269111297
343154435695980547
343161902710542337
343248815844913153
343255526232178688
343472402082181120
343476427846475776
343481297446006784
343491179695964160
343523993749434369
343569840684007424
343680963244613632
343814311971528705
343828151400554496
343855437420052480
343885385077768193
343910899507154944
344013339350929408
344117668200210433
344173110209179648
344197668291108864
344204406113312768
344220746198958080
344267687582642177
344268787182338049
344351386542174208
344496248478384128
344528512004272129
344630020364460032
344733595103002624
344770120503160832
344787549706940416
344829955051495424
344830732075663360
344842600378929153
344939998807736320
344963390038499328
345166429974327297
345183259463913472
345284715630190592
345284736110960641
345297976589172736
345416979722678272
345505967829573632
345537648926015488
345567138376994816
345621393452445696
345626164481634304
345762127270793217
345955364426100736
346054053182193665
346320798962835456
346352039904833536
346415316575858690
346474302138359808
346488248320794624
346641300092768257
346706331119538176
347045429529153537
347137874568830977
347149965631553536
347230535493500928
347326324085510144
347326633725800448
347360872278151168
347414282138431488
347529563628253184
347639316425617408
347771700370370560
347784229842726913
347788913479393280
347811246160113665
347813901771096065
347824349572644865
347834378270961664
347901325801029632
347973045023043584
347986748795650048
348136954900127744
348272601430364160
348283506037764098
348287743568277504
348355774642266112
348387894416773120
348456216663580673
348514777183690752
348550250304258048
348570535342530561
348649853552828417
348662789964972032
348671976308609024
348695929227993088
348697959086583808
348748124916965377
348807944244166658
348846174846992384
348898370867302400
348898590124552193
348901778563166209
348906168556605440
348907962372349952
348940056553197568
349022614959837184
349060806245240832
349181810237898752
349184456558518272
349189973662134272
349190696961466368
349294117076996096
349328587255590912
349382072810483712
349447249161494530
349455785308327936
349468860673572864
349494516593590272
349523241632669696
349543406747389953
349638554021937154
349826710545498114
349900825138692098
349916421687480320
349959820444573696
349995143006400514
350232501215707137
350461821540511744
350480514093826049
350638805683941376
350668902902145028
350789905833664512
350859685227798531
350969549681725440
351022442845700096
351207944093843458
351364309042999297
351413287449141249
351520573777641473
351522228065677312
351572373134258176
351634435877240832
351634675959205888
351665424720609280
351668006499258369
351677046755303424
351686195098558465
351687991451860992
351721003405152259
351782926419111939
351870648974446593
351917419696111620
352310415616786432
352345175932145664
352468992402796544
352481116801871873
352627089926656000
352819630613598209
352974009723387906
353569952357285889
353623382228606976
353836819030360064
353854998825795586
353904499095650305
354054424613756928
354352726815162368
354352802509766660
351631417559625728
333399411042447360
340708307255836672
347950374063329280
343406657717547008
343565430239158272
350996884472598529
354418786499166208
333719476254154752
334014050348457985
341171613368205312
341508789654147072
342777097661599744
348345272553840640
348374178820415488
349693143400202240
349879565482590208
350339021471354880
350706433580474368
351225341529948161
352731026902089729
353077981557690368
353832654724022273
353837855770030081
332114604169773056
332530607399780352
332588060011274240
332624210092490753
332783620471259136
333034252612534273
333427125795291136
333793664520318976
334022366457917440
340608479872045056
340852413651091456
340867974783193088
341080052986961920
341424607812784129
341582321465569280
341744330286981120
341867322849497089
342708050160934912
343403231055073280
343496135475859457
343823180542124032
344267039784960000
344389958812983296
344240478973227008
348601192068292608
349639850808451073
347937374765977600
351272435062022146
349077797379121152
349082381006827520
349082622078627840
347834990303772673
350675024010690560
332322723286114304
333483772345466881
345625379190472704
346655631157108736
348243864877940736
348483498736234497
348569983833477120
351610112521154561
351888799615299587
352908792721195008
353629216518057984
344592312661331969
344592312791363585
344592314523602945
344592314833960961
344834834885136384
348959881656688640
350348236323688449
350599480602656771
350763059251384320
352108237190987777
349669426993434624
329024897097555968
330960523195736064
330983607889981441
331867121531367424
331954804089823232
332574142903775232
341943525769879552
343659472046153728
345906357481918464
349006527883010048
333664046505132033
333734130116354048
345625588423340032
347834624304640001
341663045254270976
342305897625829376
342351565727862785
342812200567717888
343928232564912128
344010078380253184
344118257269211136
344200967841005570
344963265706737664
346637330746073089
347742381237473280
348442602489659392
348889890047537152
351487964435587074
351542752934236160
351842240701792256
352169959247450112
340987702876966913
342974071161643008
343732127013171200
345689826332393472
349417228166373378
349659482483195905
327048593489944576
328434766871412736
328497467203145730
328616992858853377
333933432587554816
341318438989471745
341440023981350912
341876837900746752
349139552700600320
351294528705134592
347515397349715968
348996085781512192
349581089221787648
351376929137500162
347122423646277632
327171455014035456
328283125748752386
340679168448667649
341276824837447680
341401727901253632
341416199181193216
342089162792513537
342174038073962496
342274978101727232
343532517573394434
344868335588106241
345243505528012800
345586493441593344
347040450575736833
347199134962429954
347942663837855744
348440018588663808
349168322832629761
349200805745803264
349246987901730816
349395760632180737
358310078950027264
332538601629966336
333107802522406912
341975457471791104
347192623934603264
339790738336403456
339967949551042561
339975035219496960
340049845899390977
340180531025174528
340249316469907456
340284481690808320
340297240415465473
340298821248643072
340371459417456640
326925921254789120
329389823674679296
330744100888387585
348651062720331777
348901281252929537
351072270749413377
327203515309113344
327354645095784449
328209427842879489
328937568265699329
329440408084037632
330433086598823937
331501881933312000
332193645732175872
333195213197672448
341150339455672320
341257005232697344
342059686394200064
343095658779127808
344192902882283520
347420444728623105
350677722617487361
328912190226702337
347150663286931456
349288864516542465
351043516341813248
351501594950504449
332430432459186176
332464487540076544
332638844254052354
333118693934501889
333659385014411264
333763936610566145
340318799431606273
340739507114610688
341242463131942912
343564482854936576
343860612973096960
345755490170597376
348111410108178433
348462397159264256
348872797717676032
349217065019777024
349341615682371586
350480290839408640
350764114840272896
351911750314098688
352844700597764096
353183793915498496
353707236402536449
354293014753062912
346500071602393088
340478422012813314
342854702708449280
347785064433729537
339768781020733442
340398510069411842
340469543279411200
340523748375556097
340555306696318978
340555889012535297
340555912517394433
340556923994791936
340557431128092672
340557479656161280
340565184865243136
341698063951343616
353058680897404928
326462255468277761
326776808097861632
327829186637078528
328899387298287616
329167967537483777
330014945175539713
330431770157780994
331161461122547712
332221195598565379
332223414595117056
332973555132297218
333210857737695232
340289842850197504
341960379506757632
342989392538923008
343858901227278336
344939374917603328
346645246832148480
348859504315736064
348899385310064640
349077988215754752
350715772051533824
353449992440123395
354277272758398977
345004806542327809
345982981653032960
346484694344413185
346616563677425665
346731975903694850
351787479201886208
332330587106992129
332975105347035136
333034145846538240
333121777909760000
340250799298973696
340448382776651776
340523944761249794
342048288641544192
342119662651334656
342154248097771521
342787990747230211
344279713721765888
344467559199961089
344486314567155712
344599658900901888
345237102067322882
346238446173577218
346389146169905152
346451865283751936
346719952394416128
348258097044807680
348946282955546624
348966206184763393
349052514039119872
349605811506511873
349713239468294145
349721867357138945
349948514215800832
350429791851261952
350666666436345856
351168851347648513
351569985484767233
329106631633809408
329136637034520576
330385145972543488
331289838856835072
331572658909093890
332166258600591361
332240916406480896
332748904128974848
332907977700937731
332982511229607937
333123450254274560
333773605496295424
340839013978087424
341716542213468160
341743389018050560
341950988455927808
341954740059516928
346310712622194688
348547192899923968
349165462417977344
349736979090509824
349754241298079744
350709708484644864
353528358442778624
353733699600265217
354262122399674369
341668123092598784
342072317200973825
342317381458206720
344354001128656896
344694341341700097
345625426875535360
347777256833310720
328265863390183425
331163139808829442
331163351818330114
331546385063239680
331860672071737344
333211368578772993
342267623758782464
344489560606130176
346583823254974466
348626882230628352
349383902219083776
349390312583610369
350609842005737473
351439006812209153
349310462954967041
341922380823793665
341929912845873152
341933952552038400
341937697574756353
341951245457702912
341953979569283073
341960332853538816
342013098854580227
342081994232066048
342108661340045312
342147988937920512
342158424001376257
342266467640811520
342271220319936514
342307555504173057
342312023612346369
342359570603204608
342382265134891009
342536907055591424
342548486664896513
342722273934966785
342722384723316737
342944016616259585
343001295990427648
343068236906119168
343738008001998848
343826203888717825
343835405096980480
344177078142373888
344527216467664897
344746260735086592
344871412827316224
344979187943219203
345124251742904320
345182268547031042
345298918160089088
353069706330124288
358377435798044674
341933380109205506
341897564095905793
347076211408769024
348147734076866560
349122017167024128
350434208805695489
352782246165495808
328750784500088833
350499343540813824
354293203786141698
344228218259251200
351665598968766464
351686062353027072
351689406056366081
332562785970049024
340936488332185600
332531689639256064
332574327444746240
341469594554359808
342052382705844224
351027118215413761
351775750443118594
352682252943097858
333777166175186944
333777894822248449
349205952320389120
350112091623010304
350027874939580417
348973695575937024
332341510622302209
332349014022434817
332496252136722432
332546823447248896
332990941629657088
333022901865431040
333278830980648960
333292551715041280
333320339683676161
333342169836449794
333727742677905408
333946677121650688
334024264187523074
340972833150758912
341117456472997888
341530146165104641
341873958007738369
342303467618062337
342671450496446464
342745776985874432
342800591816384512
343037715899629568
345241637078847489
346242584366161920
346245541790892033
346640892817465345
348135763520667648
348135786706780160
348290861785817088
348867655698104322
349097733103169536
349202688950542336
349211366210539520
349427091500040192
349785645192982528
349894611570917376
349973245430202369
350850548666335235
351126697472569344
352373166724751360
352527328976449537
352585371273527296
352869424174342144
353912194167087107
332315258465181697
332315635445035009
332480409654943744
332529981332807681
332666314952945664
333014107940872193
333234626913001472
333414603688140800
333424999757131776
333600785923461120
333708855701803010
333813682196848640
333946994143920130
333998630220476418
336979338668933120
336987398091182080
339926647274893312
339984691631362052
340258151511248896
340325837712801792
340335834429538304
340360304531734529
340664476233777153
340694457827618816
340713965795549185
340971326019891201
341019565746188288
341071855941210112
341215457975607296
341309981833981952
341361144008679425
341590362873294848
341605367261839362
341683572463259649
341684250581532672
341704235118895104
341716391025577984
341757671277465603
341774885535752192
341953288285061121
341957566328369152
342015143728783360
342108046559952898
342117282585133056
342130590973296640
342473302343831552
342560740818948096
342677926136930304
342684823833423872
342684997771214849
342741027188256769
343374668801138688
343375837929807872
343491352056717313
343491529475751937
343539966657327105
343717626880589825
343781462002245632
343919738558246912
344222975375069185
344266386467606528
344266639719677952
344299543527051264
344457086429708290
344559228398215168
344619603340693504
344983576493817856
345367464135233537
345391029731606529
345395539770224640
352677700365848577
356240265637412865
341605962823639040
341913366807330817
344240414573879297
344240983321485312
347465817979486208
347469021039427584
347475051228037120
349105081079169024
351595047600406528
352689989311664128
345471035656790016
347246247066869760
332761628544229376
333974883639889920
340573904777121792
342775921243209728
332179977493684226
333442861586587648
333938490184187904
340377981560184833
340638766215622656
340963824893042688
340977425435471874
341139910352326656
341168178136748032
341174088531836928
341241156581068800
341294461986430977
342031084290203649
342304451605962752
342425358307577857
342579514636902403
342616686375100416
343471954109550592
344905888026460161
345783011658313729
345784539915890688
345809319364804609
346349207214510080
346655051051327488
346773119140233217
347364004303343616
347620121323372545
347958800189362177
348144814975500288
348146788143861760
348376394746695680
348478051098718208
348490117247283202
348547723034771457
348569764618186753
348986300742909952
349178019979603970
349353854703370240
350167409312800768
350240711997788160
350417200848445440
351164048915693569
351490248078929920
351543533779419138
351577305480564737
351862383070818305
353360876373409795
353952011483496448
358371997434134529
347462639066157057
349424846859538433
350635428732354560
343096374918787072
346344933545873408
347801393316376576
344584680806428672
344592282323931136
344592283271847936
344592284962152449
344592309725298688
344592312665513984
344592312652947456
344592312460001282
344592314599108608
344592313831550976
344592314951430145
344592343661428740
345549620342034434
346383184935653377
346667382699339777
348828382533922818
348828579955613697
348893372469100544
348894274470948864
349059375878504449
351389550024724482
352138946559479808
352767695185395713
354321976845807617
343323710096281600
352081891295379456
343054660887781377
353828887039451136
327573331354210304
328054168260595713
328108880250957825
328213928020692992
328604211409465346
329589382350782465
329643623660519424
330284990770327555
330390752649682947
330410314317316097
330435039475167232
331004479497465857
331084316740304898
331819466537189376
331981886991785984
332054126932406272
333018134107807744
333030938621657090
341610771119222784
342843588536827904
343531629131739136
344951304260562945
346475290660327424
347261362239578112
347671847531331584
347672092843581440
348484589230112769
348941383249313793
349807293870776321
350787121239433216
352212313790627840
352908735720587265
354078381022781441
341638682496864256
354232354224615425
350557180652568577
350582241740599296
341257688895860736
349182874865508354
350432063758934016
341674911615561728
341768791656628225
341954292166561793
342367125400342528
342392894725971968
342832069795274752
342898027377340416
342998772105756672
343103493718040576
343473509437149185
343681088603951104
343922010868568065
344206195034292224
344597734663270400
344719961358479360
344851551342428161
344913859502546947
345655455273607168
346480581737058304
346637702013276160
347549718269804544
347755633300361216
348310143181660160
349119760396582913
349352955989856256
349377247339225088
349718265406300160
350118709102247936
350852519934701570
351126579486801920
351787978009481216
352069700911505408
352325761518145536
352624300714508290
352697966739468290
349336161296187392
330003991650000898
332926605456441346
339434082129809410
341256290124853248
352845783227305986
326496283516882944
330454024115613696
331826545972883457
334002358977708032
352621160011268097
353010324934377473
348459265062731776
353146552522518528
348898147470295042
350429856238018561
350836662558920704
352531782983368705
345227933901803520
331252882676539392
340360880426479616
340545921093885952
340627840728981504
340864165918945280
340940337407225856
341586246851756034
341634572007645184
341676758564761601
342008650623246336
342085323637018624
342233821753774080
342245695442546688
342627106087378945
342745718018170880
342887388873359362
343034735376863233
343036002669039616
343886298429394944
343961812334686208
344076005490696193
344155168822145024
344440096994504705
344638492925636609
344805740894093313
345439622828007424
345596740910587905
345650905422626817
346002716553801728
346145409888051200
346145522538655745
346386676018466817
346415215585419264
346442846611599360
346691577558749184
346700187282055169
347158294755950592
347602268851408896
348045861235855361
348669953852981249
348827873777426432
348854114567991299
348854533025304576
348855425791307777
348862084961935362
340366862602862593
349644702485716992
349708387447083009
353503396331921409
340561618415001600
340561821670981632
340562310223515648
340562670040281088
340563545722863616
340566066419875840
340566181608038400
341074930500243456
341166507293814784
341725356245536768
341767002236542977
341789681781977088
341817990137929728
341870428870037504
341880044836253697
341919865621344256
341924406987198464
341924740786704384
341947104299724800
341955539829395457
341974256407699456
341985527727288320
341989614153785344
341994357546688512
341994484768325632
341995227717988352
327477521669050369
328837534186622976
329167049882492929
329258771975139329
329830931143720961
332801619244748800
333356009416450048
336982657059651587
341559342526521344
342210117292392448
343478674995163137
347497030907723777
348210061308469248
348760966831419392
351605957421309952
351834238540185600
352426412847804416
352544481175801856
352905914640109568
353102470534279169
353158902520619010
353477521070751744
353493347912003584
353643138826510336
353979581033750530
354004406896828416
354178409426993153
354310048798867456
354342711177912322
343233453946445824
343826721545527298
344501930900484097
345414952993034241
345720878023196672
345958089830301696
346343460770557953
346538612411744256
346667629777391616
346732358474547200
347165168804966400
347521087304785920
348262745730338817
348263807593902080
348266512018198528
348296500692017152
349303093894193154
349629182269067268
351569551328149504
351578108786253824
344291225458839554
348083103367041025
349381846116728834
329757184126767104
332397858290540544
332666575473741824
332830369000853504
332882069376086016
333081207036342272
333121972554825729
333161437751042048
333249805876883456
333313617179078657
333422979587395584
333467863526563840
333961225606144000
340484379883229184
340520477078458368
340607825023758336
341063755989409792
341176359953002497
341423631601111041
341919706502029313
341958012736507904
341979739726168064
341989840398716928
342027140843335682
342050583336857600
342078050097303554
342084395622084608
342128993094496257
342143067169632256
342197181085782016
342228877445316609
342305559216807936
342378452453826563
342482908101111810
342637586717765633
342984510918500352
343238435450015744
343283285671170048
343602588542959617
343923205213392896
344001581752152064
344171068702990339
344231834302939136
344254376522678272
344979051380879361
345025450898231296
345093691305779200
345286735330177024
345505230403825664
345547397381890049
345578027834556416
345579805963587589
346348329573179393
346748333274042369
347199186548166656
347363161910939648
347561124721479681
347615048014905345
347632066566955008
347733883208486912
347901459817455617
347934179578765312
348311468749504512
348453193530888192
348704493795418112
348896272700293121
348990094146940928
348999263306522624
349042809526947840
349079028818395136
349184717410684928
349200053262508033
349373682134695939
349519968217477121
349674261251764224
349715900817092608
350136494134009856
350636755659141121
350666076348104704
350779886958424065
350855673002729472
351133278692057088
351163750826524672
351446999637299200
351577595332136961
351610554005209089
351635820056289281
351686120276377600
352292105546252289
326897563217309697
326942685426483200
327326580835774464
327549738364850176
327877904224636929
329254232714792961
329345839392751616
329426133315629056
329736817622536192
330174873328549888
330317678180966401
331049581775302656
332273658179493889
332343860858601473
332473148018663424
333034270115377153
333061138847789056
333684960886157312
333778808492654593
333854168664129536
340503446417469441
340944956237692928
341084264789598208
341763429310267392
341779643747143681
341985679204560898
342474245466636290
344826281612935168
344999966764318721
345260074891104257
345388600810143744
345687108880576512
346685159900336130
347172969509945346
348313756612304897
349018161242333184
349477008398491649
350418647476469760
350699104936017920
350844058438090752
351727727977570304
353718423064297473
353821392384438272
332848240263327744
333805972822839296
340595437364985857
340692300143419392
341710153135054849
342273088337113088
342387045546725378
342449187138449409
343625906746687489
343860814521962496
344355253644300288
344384631027675136
344653674661945344
346469315752640512
348094319401508865
349530152662876163
350261915773173760
350722228662435841
351196847873863680
351393013202817024
351399936551690240
352038598939389953
353580369704017920
326732768149135360
327284298560442368
328158014865559552
328409269709967361
329161381788127233
329517384106913792
329697904631640065
329729190993747968
329978561559678977
330053958125096960
331071076161437696
331087510249828353
331162677953048576
332545540216729601
333240613149503488
336971197185146882
341324494620733440
342248119687331841
342341320465076225
343051602833330176
343362848266797057
343843296742866946
344942908404813824
345579856333000705
346588526525153280
348762656880091136
349507022057766912
351111188026896384
351395434624856064
351411363366703104
351600831512059904
352526591592632320
352526763387133953
352699823213920256
353174986690805760
349173929434312704
349330153324822528
349848041584476160
350266119464026115
350598420362297344
352675531919073280
342119329690681344
343354898609471488
344694918398222337
345579566951198722
346407033261666304
330045611476938753
341606023297134592
341638796292550657
341656590757277696
341678056945106948
341695280397291520
341698783702310913
341698995531427840
341714392804626432
341726426854203392
341740363968548865
341767085216645120
341771192279105538
341819046519517186
341852535981740032
341890864739663872
341917271851151360
341923410953256960
341923962462298114
341941862883545089
341991007174414336
342013591882457089
342015253569216514
342026873712308224
342051382880247808
342066984902610946
342088936824393728
342091386415349760
342113962495721472
342132195806310400
342148556968300544
342157040875106304
342160820739915776
342170584928624640
342230675379847168
342262066591174656
342294447725375488
342299800093487105
342318826886676480
342326445126844418
342334583456530433
342342649015070720
342385881354739712
342390258501038080
342452289723850753
342489738869104640
342509962565668866
342518568350543872
342523133313560576
342574463075897344
342616665252589568
342646731856572416
342649393196978177
342679115155005440
342681916622909442
342715754510172162
342891051788402688
342892952022048768
342898590747881472
342900290787373056
343114021278470144
343255424683892736
343266557956333568
343355160136933377
343424623280549889
343433223763791872
343553825912791044
343738299350908928
343743356163207169
343750088528633858
343771158736404481
343794745023291394
343812746518876161
343843096389353472
343849444590100480
343924083425161216
343991140971868161
344106817900646401
344108262645460992
344177203703074816
344204109789933568
344237912730238979
344253193317912576
344256177779122176
344260506229547008
344408187895689216
344453727299702785
344470680961679362
344531829379981313
344594372345622528
344628050014642177
344630199217958912
344757173085151232
344762290177970176
344764641404145664
344775897645207552
344811607156723713
344825308924506112
344825458413674497
344836521192476673
344872069089075200
344896209737105409
344898461449199618
344925666938077186
345018750845734913
345052662800191489
345085358687518720
345157266481217538
345227897633648640
352596786940100609
352991945066418176
341962380344979457
343031288502050817
345167138966876161
346402455766044672
349091404930240513
353708591380832257
331229137173889025
333697653349179393
328954824135696385
330696740091076608
332087614280708099
350360741238423553
333090879491432448
342344675572727811
342977392903589888
347068062798843904
347073424193105920
347118525447536641
347921687729299456
348595096352075776
349181683293102080
358295661797572610